0 14
9 0
9 0
0 12
14 0
7 0
0 3
0 12
5 0
0 2
0 14
20 0
0 10
0 12
17 0
13 0
25 0
2 0
0 5
0 7
0 17
9 0
0 3
0 5
0 16
0 10
0 14
0 24
0 10
0 21
12 0
15 0
0 7
13 0
0 5
5 0
0 21
0 16
6 0
0 1
0 7
0 24
0 19
0 6
0 11
20 0
4 0
23 0
0 6
19 0
0 14
0 22
14 0
0 6
12 0
0 20
13 0
0 27
0 15
0 18
10 0
8 0
0 8
15 0
15 0
17 0
9 0
0 7
0 18
0 18
0 9
0 15
21 0
0 13
14 0
19 0
5 0
0 21
4 0
0 17
11 0
19 0
0 16
21 0
0 9
0 8
0 17
0 23
9 0
0 16
0 27
15 0
9 0
10 0
0 14
0 17
18 0
2 0
4 0
0 25
0 13
11 0
7 0
0 9
0 8
4 0
13 0
0 13
0 10
0 30
9 0
0 1
0 5
0 22
0 6
9 0
0 7
15 0
4 0
0 24
0 18
12 0
5 0
17 0
19 0
0 5
23 0
0 8
0 17
4 0
0 15
0 15
0 25
3 0
0 3
17 0
0 14
0 14
0 15
0 4
22 0
0 2
13 0
16 0
0 10
0 17
24 0
0 2
0 4
0 10
21 0
3 0
0 11
0 7
0 13
10 0
0 21
5 0
0 2
10 0
0 12
17 0
21 0
0 7
0 14
0 2
16 0
0 5
5 0
22 0
0 6
0 3
9 0
19 0
12 0
0 10
6 0
0 3
0 5
0 12
0 21
0 28
7 0
0 2
0 11
0 5
0 8
11 0
16 0
27 0
0 23
0 8
0 34
0 16
0 18
17 0
24 0
0 16
0 23
8 0
0 11
12 0
20 0
17 0
5 0
0 11
0 5
4 0
3 0
0 8
20 0
0 6
5 0
0 12
13 0
20 0
10 0
0 11
0 5
24 0
0 1
0 11
6 0
24 0
0 16
8 0
7 0
11 0
16 0
1 0
0 19
20 0
14 0
11 0
0 20
0 21
16 0
5 0
0 5
0 5
0 24
21 0
18 0
0 9
20 0
9 0
28 0
0 4
14 0
0 4
6 0
0 22
13 0
13 0
0 21
8 0
8 0
0 12
19 0
0 18
0 19
0 7
11 0
5 0
0 6
0 9
15 0
12 0
0 22
0 17
11 0
0 7
0 6
6 0
14 0
4 0
0 14
0 16
0 6
17 0
0 21
10 0
0 24
20 0
0 10
0 18
0 13
0 24
3 0
3 0
14 0
0 13
0 13
0 6
0 14
7 0
0 4
0 25
13 0
18 0
0 12
0 22
26 0
0 17
0 15
14 0
21 0
0 3
0 12
17 0
2 0
0 13
28 0
0 2
5 0
32 0
0 16
0 20
0 13
0 2
6 0
13 0
5 0
6 0
0 11
20 0
